0 428 1053 1755 2476 3259 4088 4901 5741 6623 7499 8414 9327 10250 11191 12112 13062 14032 15032 15973 16975 17947 18970 19983 21004 22016 23060 24121 25114 26218 27224 28281 29333 30340 31417 32533 33549 34654 35687 36753 37814 38880 40034 41100 42257 43370 44459 45560 46710 47857 48991 50130 51237 52356 53495 54636 55763 56934 58076 59234 60381 61561 62643 63858 64994 66144 67275 68452 69633 70804 71989 73187 74327 75501 76592 77775 78948 80114 81298 82487 83619 84795 85931 87137 88332 89564 90761 91970 93217 94434 95612 96820 98019 99217 100453 101742 102887 104150 105345 106645 107839 
0 428 1053 1755 2476 3259 4088 4901 5741 6623 7499 8414 9327 10250 11191 12112 13062 14032 15032 15973 16975 17947 18970 19983 21004 22016 23060 24121 25114 26218 27224 28281 29333 30340 31417 32533 33549 34654 35687 36753 37814 38880 40034 41100 42257 43370 44459 45560 46710 47857 48991 50130 51237 52356 53495 54636 55763 56934 58076 59234 60381 61561 62643 63858 64994 66144 67275 68452 69633 70804 71989 73187 74327 75501 76592 77775 78948 80114 81298 82487 83619 84795 85931 87137 88332 89564 90761 91970 93217 94434 95612 96820 98019 99217 100453 101742 102887 104150 105345 106645 107839 
0 428 1053 1755 2476 3259 4088 4901 5741 6623 7499 8414 9327 10250 11191 12112 13062 14032 15032 15973 16975 17947 18970 19983 21004 22016 23060 24121 25114 26218 27224 28281 29333 30340 31417 32533 33549 34654 35687 36753 37814 38880 40034 41100 42257 43370 44459 45560 46710 47857 48991 50130 51237 52356 53495 54636 55763 56934 58076 59234 60381 61561 62643 63858 64994 66144 67275 68452 69633 70804 71989 73187 74327 75501 76592 77775 78948 80114 81298 82487 83619 84795 85931 87137 88332 89564 90761 91970 93217 94434 95612 96820 98019 99217 100453 101742 102887 104150 105345 106645 107839 
0 428 1053 1755 2476 3259 4088 4901 5741 6623 7499 8414 9327 10250 11191 12112 13062 14032 15032 15973 16975 17947 18970 19983 21004 22016 23060 24121 25114 26218 27224 28281 29333 30340 31417 32533 33549 34654 35687 36753 37814 38880 40034 41100 42257 43370 44459 45560 46710 47857 48991 50130 51237 52356 53495 54636 55763 56934 58076 59234 60381 61561 62643 63858 64994 66144 67275 68452 69633 70804 71989 73187 74327 75501 76592 77775 78948 80114 81298 82487 83619 84795 85931 87137 88332 89564 90761 91970 93217 94434 95612 96820 98019 99217 100453 101742 102887 104150 105345 106645 107839 
0 428 1053 1755 2476 3259 4088 4901 5741 6623 7499 8414 9327 10250 11191 12112 13062 14032 15032 15973 16975 17947 18970 19983 21004 22016 23060 24121 25114 26218 27224 28281 29333 30340 31417 32533 33549 34654 35687 36753 37814 38880 40034 41100 42257 43370 44459 45560 46710 47857 48991 50130 51237 52356 53495 54636 55763 56934 58076 59234 60381 61561 62643 63858 64994 66144 67275 68452 69633 70804 71989 73187 74327 75501 76592 77775 78948 80114 81298 82487 83619 84795 85931 87137 88332 89523 90737 91911 93138 94306 95511 96768 97982 99201 100340 101638 102885 104188 105317 106603 107799 
0 435 1055 1745 2488 3253 4067 4923 5760 6619 7477 8360 9284 10232 11172 12134 13089 14062 15020 15982 16930 17899 18933 19928 20980 21993 23012 24089 25159 26182 27235 28296 29345 30390 31449 32472 33556 34597 35698 36774 37800 38882 39997 41096 42240 43316 44463 45593 46683 47828 48993 50108 51228 52363 53521 54679 55820 56964 58083 59250 60360 61495 62655 63874 65034 66090 67261 68461 69591 70752 71823 73012 74230 75403 76540 77752 78851 80039 81223 82352 83559 84732 85888 87036 88270 89523 90737 91911 93138 94306 95511 96768 97982 99201 100340 101638 102885 104188 105317 106603 107799 
0 435 1055 1745 2488 3253 4067 4923 5760 6619 7477 8360 9284 10232 11172 12134 13089 14062 15020 15982 16930 17899 18933 19928 20980 21993 23012 24089 25159 26182 27235 28296 29345 30390 31449 32472 33556 34597 35698 36774 37800 38882 39997 41096 42240 43316 44463 45593 46683 47828 48993 50108 51228 52363 53521 54679 55820 56964 58083 59250 60360 61495 62655 63874 65034 66090 67261 68461 69591 70752 71823 73012 74230 75403 76540 77752 78851 80039 81223 82352 83559 84732 85888 87036 88270 89523 90737 91911 93138 94306 95511 96768 97982 99201 100340 101638 102885 104188 105317 106603 107799 
0 435 1055 1745 2488 3253 4067 4923 5760 6619 7477 8360 9284 10232 11172 12134 13089 14062 15020 15982 16930 17899 18933 19928 20980 21993 23012 24089 25159 26182 27235 28296 29345 30390 31449 32472 33556 34597 35698 36774 37800 38882 39997 41096 42240 43316 44463 45593 46683 47828 48993 50108 51228 52363 53521 54679 55820 56964 58083 59250 60360 61495 62655 63874 65034 66090 67261 68461 69591 70752 71823 73012 74230 75403 76540 77752 78851 80039 81223 82352 83559 84732 85888 87036 88270 89523 90737 91911 93138 94306 95511 96768 97982 99201 100340 101638 102885 104188 105317 106603 107799 
0 435 1055 1745 2488 3253 4067 4923 5760 6619 7477 8360 9284 10232 11172 12134 13089 14062 15020 15982 16930 17899 18933 19928 20980 21993 23012 24089 25159 26182 27235 28296 29345 30390 31449 32472 33556 34597 35698 36774 37800 38882 39997 41096 42240 43316 44463 45593 46683 47828 48993 50108 51228 52363 53521 54679 55820 56964 58083 59250 60360 61495 62655 63874 65034 66090 67261 68461 69591 70752 71823 73012 74230 75403 76540 77752 78851 80039 81223 82352 83559 84732 85888 87036 88270 89523 90737 91911 93138 94306 95511 96768 97982 99201 100340 101638 102885 104188 105317 106603 107799 
0 435 1055 1745 2488 3253 4067 4923 5760 6619 7477 8360 9284 10232 11172 12134 13089 14062 15020 15982 16930 17899 18933 19928 20980 21993 23012 24089 25159 26182 27235 28296 29345 30390 31449 32472 33556 34597 35698 36774 37800 38882 39997 41096 42240 43316 44463 45593 46683 47828 48993 50108 51228 52363 53521 54679 55820 56964 58083 59250 60360 61495 62655 63874 65034 66090 67261 68461 69591 70752 71823 73012 74230 75403 76540 77752 78851 80039 81223 82352 83559 84732 85888 87036 88270 89523 90737 91911 93138 94306 95511 96768 97982 99201 100340 101638 102885 104188 105317 106603 107799 
0 435 1055 1745 2488 3253 4067 4923 5760 6619 7477 8360 9284 10232 11172 12134 13089 14062 15020 15982 16930 17899 18933 19928 20980 21993 23012 24089 25159 26182 27235 28296 29345 30390 31449 32472 33556 34597 35698 36774 37800 38882 39997 41096 42240 43316 44463 45593 46683 47828 48993 50108 51228 52363 53521 54679 55820 56964 58083 59250 60360 61495 62655 63874 65034 66090 67261 68461 69591 70752 71823 73012 74230 75403 76540 77752 78851 80039 81223 82352 83559 84732 85888 87036 88270 89523 90737 91911 93138 94306 95511 96768 97982 99201 100340 101638 102885 104188 105414 106584 107836 
0 427 1058 1751 2491 3246 4084 4924 5764 6611 7489 8399 9364 10283 11217 12159 13088 14074 14986 15966 16921 17963 18950 19987 21013 22040 23059 24116 25166 26232 27292 28327 29300 30406 31489 32515 33573 34629 35678 36782 37782 38870 40001 41060 42231 43341 44480 45611 46706 47847 48942 50162 51305 52443 53557 54735 55913 56996 58168 59320 60495 61630 62718 63871 65067 66188 67342 68497 69614 70802 72003 73109 74288 75467 76666 77758 78913 80109 81227 82423 83564 84730 85923 87102 88283 89510 90725 91961 93191 94330 95614 96760 98062 99214 100493 101722 102952 104128 105414 106584 107836 
0 427 1058 1751 2491 3246 4084 4924 5764 6611 7489 8399 9364 10283 11217 12159 13088 14074 14986 15966 16921 17963 18950 19987 21013 22040 23059 24116 25166 26232 27292 28327 29300 30406 31489 32515 33573 34629 35678 36782 37782 38870 40001 41060 42231 43341 44480 45611 46706 47847 48942 50162 51305 52443 53557 54735 55913 56996 58168 59320 60495 61630 62718 63871 65067 66188 67342 68497 69614 70802 72003 73109 74288 75467 76666 77758 78913 80109 81227 82423 83564 84730 85923 87102 88283 89510 90725 91961 93191 94330 95614 96760 98062 99214 100493 101722 102952 104128 105414 106584 107836 
0 427 1058 1751 2491 3246 4084 4924 5764 6611 7489 8399 9364 10283 11217 12159 13088 14074 14986 15966 16921 17963 18950 19987 21013 22040 23059 24116 25166 26232 27292 28327 29300 30406 31489 32515 33573 34629 35678 36782 37782 38870 40001 41060 42231 43341 44480 45611 46706 47847 48942 50162 51305 52443 53557 54735 55913 56996 58168 59320 60495 61630 62718 63871 65067 66188 67342 68497 69614 70802 72003 73109 74288 75467 76666 77758 78913 80109 81227 82423 83564 84730 85923 87102 88283 89510 90725 91961 93191 94330 95614 96760 98062 99214 100493 101722 102952 104128 105414 106584 107836 
0 427 1058 1751 2491 3246 4084 4924 5764 6611 7489 8399 9364 10283 11217 12159 13088 14074 14986 15966 16921 17963 18950 19987 21013 22040 23059 24116 25166 26232 27292 28327 29300 30406 31489 32515 33573 34629 35678 36782 37782 38870 40001 41060 42231 43341 44480 45611 46706 47847 48942 50162 51305 52443 53557 54735 55913 56996 58168 59320 60495 61630 62718 63871 65067 66188 67342 68497 69614 70802 72003 73109 74288 75467 76666 77758 78913 80109 81227 82423 83564 84730 85923 87102 88283 89510 90725 91961 93191 94330 95614 96760 98062 99214 100493 101722 102952 104128 105414 106584 107836 
0 427 1058 1751 2491 3246 4084 4924 5764 6611 7489 8399 9364 10283 11217 12159 13088 14074 14986 15966 16921 17963 18950 19987 21013 22040 23059 24116 25166 26232 27292 28327 29300 30406 31489 32515 33573 34629 35678 36782 37782 38870 40001 41060 42231 43341 44480 45611 46706 47847 48942 50162 51305 52443 53557 54735 55913 56996 58168 59320 60495 61630 62718 63871 65067 66188 67342 68497 69614 70802 72003 73109 74288 75467 76666 77758 78913 80109 81227 82423 83564 84730 85923 87102 88283 89510 90725 91961 93191 94330 95614 96760 98062 99214 100493 101722 102952 104128 105414 106584 107836 
0 427 1058 1751 2491 3246 4084 4924 5764 6611 7489 8399 9364 10283 11217 12159 13088 14074 14986 15966 16921 17963 18950 19987 21013 22040 23059 24116 25166 26232 27292 28327 29300 30406 31489 32515 33573 34629 35678 36782 37782 38870 40001 41060 42231 43341 44480 45611 46706 47847 48942 50162 51305 52443 53557 54735 55913 56996 58168 59320 60495 61630 62718 63871 65067 66188 67342 68497 69614 70802 72003 73109 74288 75467 76666 77758 78913 80109 81227 82423 83564 84730 85923 87102 88283 89510 90725 91961 93191 94330 95614 96760 98062 99214 100493 101722 102952 104128 105414 106584 107836 
0 427 1058 1751 2491 3246 4084 4924 5764 6611 7489 8399 9364 10283 11217 12159 13088 14074 14986 15966 16921 17963 18950 19987 21013 22040 23059 24116 25166 26232 27292 28327 29300 30406 31489 32515 33573 34629 35678 36782 37782 38870 40001 41060 42231 43341 44480 45611 46706 47930 49007 50115 51228 52380 53517 54663 55863 56952 58094 59269 60366 61508 62679 63801 64919 66087 67257 68453 69614 70715 71877 73121 74203 75360 76547 77666 78859 80006 81192 82320 83472 84689 85909 87090 88315 89572 90710 92005 93171 94381 95678 96798 98107 99303 100517 101711 102959 104255 105354 106651 107825 
0 434 1055 1753 2496 3266 4077 4919 5758 6644 7500 8396 9338 10273 11188 12172 13077 14059 15020 15982 16942 17939 18973 20003 21016 22043 23059 24105 25117 26150 27201 28274 29297 30381 31431 32492 33562 34627 35634 36714 37795 38846 39976 41094 42209 43351 44507 45625 46745 47930 49007 50115 51228 52380 53517 54663 55863 56952 58094 59269 60366 61508 62679 63801 64919 66087 67257 68453 69614 70715 71877 73121 74203 75360 76547 77666 78859 80006 81192 82320 83472 84689 85909 87090 88315 89572 90710 92005 93171 94381 95678 96798 98107 99303 100517 101711 102959 104255 105354 106651 107825 
0 434 1055 1753 2496 3266 4077 4919 5758 6644 7500 8396 9338 10273 11188 12172 13077 14059 15020 15982 16942 17939 18973 20003 21016 22043 23059 24105 25117 26150 27201 28274 29297 30381 31431 32492 33562 34627 35634 36714 37795 38846 39976 41094 42209 43351 44507 45625 46745 47930 49007 50115 51228 52380 53517 54663 55863 56952 58094 59269 60366 61508 62679 63801 64919 66087 67257 68453 69614 70715 71877 73121 74203 75360 76547 77666 78859 80006 81192 82320 83472 84689 85909 87090 88315 89572 90710 92005 93171 94381 95678 96798 98107 99303 100517 101711 102959 104255 105354 106651 107825 
0 434 1055 1753 2496 3266 4077 4919 5758 6644 7500 8396 9338 10273 11188 12172 13077 14059 15020 15982 16942 17939 18973 20003 21016 22043 23059 24105 25117 26150 27201 28274 29297 30381 31431 32492 33562 34627 35634 36714 37795 38846 39976 41094 42209 43351 44507 45625 46745 47930 49007 50115 51228 52380 53517 54663 55863 56952 58094 59269 60366 61508 62679 63801 64919 66087 67257 68453 69614 70715 71877 73121 74203 75360 76547 77666 78859 80006 81192 82320 83472 84689 85909 87090 88315 89572 90710 92005 93171 94381 95678 96798 98107 99303 100517 101711 102959 104255 105354 106651 107825 
0 434 1055 1753 2496 3266 4077 4919 5758 6644 7500 8396 9338 10273 11188 12172 13077 14059 15020 15982 16942 17939 18973 20003 21016 22043 23059 24105 25117 26150 27201 28274 29297 30381 31431 32492 33562 34627 35634 36714 37795 38846 39976 41094 42209 43351 44507 45625 46745 47930 49007 50115 51228 52380 53517 54663 55863 56952 58094 59269 60366 61508 62679 63801 64919 66087 67257 68453 69614 70715 71877 73121 74203 75360 76547 77666 78859 80006 81192 82320 83472 84689 85909 87090 88315 89572 90710 92005 93171 94381 95678 96798 98107 99303 100517 101711 102959 104255 105354 106651 107825 
0 434 1055 1753 2496 3266 4077 4919 5758 6644 7500 8396 9338 10273 11188 12172 13077 14059 15020 15982 16942 17939 18973 20003 21016 22043 23059 24105 25117 26150 27201 28274 29297 30381 31431 32492 33562 34627 35634 36714 37795 38846 39976 41094 42209 43351 44507 45625 46745 47930 49007 50115 51228 52380 53517 54663 55863 56952 58094 59269 60366 61508 62679 63801 64919 66087 67257 68453 69614 70715 71877 73121 74203 75360 76547 77666 78859 80006 81192 82320 83472 84689 85909 87090 88315 89572 90710 92005 93171 94381 95678 96798 98107 99303 100517 101711 102959 104255 105354 106651 107825 
0 434 1055 1753 2496 3266 4077 4919 5758 6644 7500 8396 9338 10273 11188 12172 13077 14059 15020 15982 16942 17939 18973 20003 21016 22043 23059 24105 25117 26150 27201 28274 29297 30381 31431 32492 33562 34627 35634 36714 37795 38846 39976 41094 42209 43351 44507 45625 46745 47930 49007 50115 51228 52380 53517 54663 55863 56952 58094 59269 60366 61508 62679 63801 64919 66087 67257 68453 69614 70715 71877 73121 74203 75368 76501 77679 78881 80093 81179 82358 83534 84646 85920 87061 88286 89500 90736 91903 93133 94294 95619 96774 97956 99277 100454 101661 102863 104040 105308 106609 107736 
0 435 1060 1747 2494 3251 4081 4910 5745 6616 7488 8401 9310 10232 11193 12127 13085 14028 15014 15983 16974 17948 18954 19997 21017 22045 23069 24089 25129 26204 27229 28300 29362 30398 31470 32502 33565 34625 35705 36770 37808 38869 39984 41118 42250 43345 44471 45606 46662 47792 48968 50063 51202 52323 53492 54598 55764 56953 58059 59180 60374 61488 62611 63775 64908 66053 67270 68410 69539 70697 71863 73030 74207 75368 76501 77679 78881 80093 81179 82358 83534 84646 85920 87061 88286 89500 90736 91903 93133 94294 95619 96774 97956 99277 100454 101661 102863 104040 105308 106609 107736 
0 435 1060 1747 2494 3251 4081 4910 5745 6616 7488 8401 9310 10232 11193 12127 13085 14028 15014 15983 16974 17948 18954 19997 21017 22045 23069 24089 25129 26204 27229 28300 29362 30398 31470 32502 33565 34625 35705 36770 37808 38869 39984 41118 42250 43345 44471 45606 46662 47792 48968 50063 51202 52323 53492 54598 55764 56953 58059 59180 60374 61488 62611 63775 64908 66053 67270 68410 69539 70697 71863 73030 74207 75368 76501 77679 78881 80093 81179 82358 83534 84646 85920 87061 88286 89500 90736 91903 93133 94294 95619 96774 97956 99277 100454 101661 102863 104040 105308 106609 107736 
0 435 1060 1747 2494 3251 4081 4910 5745 6616 7488 8401 9310 10232 11193 12127 13085 14028 15014 15983 16974 17948 18954 19997 21017 22045 23069 24089 25129 26204 27229 28300 29362 30398 31470 32502 33565 34625 35705 36770 37808 38869 39984 41118 42250 43345 44471 45606 46662 47792 48968 50063 51202 52323 53492 54598 55764 56953 58059 59180 60374 61488 62611 63775 64908 66053 67270 68410 69539 70697 71863 73030 74207 75368 76501 77679 78881 80093 81179 82358 83534 84646 85920 87061 88286 89500 90736 91903 93133 94294 95619 96774 97956 99277 100454 101661 102863 104040 105308 106609 107736 
0 435 1060 1747 2494 3251 4081 4910 5745 6616 7488 8401 9310 10232 11193 12127 13085 14028 15014 15983 16974 17948 18954 19997 21017 22045 23069 24089 25129 26204 27229 28300 29362 30398 31470 32502 33565 34625 35705 36770 37808 38869 39984 41118 42250 43345 44471 45606 46662 47792 48968 50063 51202 52323 53492 54598 55764 56953 58059 59180 60374 61488 62611 63775 64908 66053 67270 68410 69539 70697 71863 73030 74207 75368 76501 77679 78881 80093 81179 82358 83534 84646 85920 87061 88286 89500 90736 91903 93133 94294 95619 96774 97956 99277 100454 101661 102863 104040 105308 106609 107736 
0 435 1060 1747 2494 3251 4081 4910 5745 6616 7488 8401 9310 10232 11193 12127 13085 14028 15014 15983 16974 17948 18954 19997 21017 22045 23069 24089 25129 26204 27229 28300 29362 30398 31470 32502 33565 34625 35705 36770 37808 38869 39984 41118 42250 43345 44471 45606 46662 47792 48968 50063 51202 52323 53492 54598 55764 56953 58059 59180 60374 61488 62611 63775 64908 66053 67270 68410 69539 70697 71863 73030 74207 75368 76501 77679 78881 80093 81179 82358 83534 84646 85920 87061 88286 89500 90736 91903 93133 94294 95619 96774 97956 99277 100454 101661 102863 104040 105308 106609 107736 
0 435 1060 1747 2494 3251 4081 4910 5745 6616 7488 8401 9310 10232 11193 12127 13085 14028 15014 15983 16974 17948 18954 19997 21017 22045 23069 24089 25129 26204 27229 28300 29362 30398 31470 32502 33565 34625 35705 36770 37808 38869 39984 41118 42250 43345 44471 45606 46662 47792 48968 50063 51202 52323 53492 54598 55764 56953 58059 59180 60374 61488 62611 63775 64908 66053 67270 68410 69539 70697 71863 73030 74207 75368 76501 77679 78881 80093 81179 82358 83534 84646 85920 87061 88286 89456 90651 91904 93054 94330 95547 96764 97996 99201 100409 101636 102885 104121 105314 106605 107845 
0 434 1053 1740 2495 3250 4070 4897 5762 6590 7474 8371 9313 10247 11163 12124 13098 14059 15020 15964 16917 17914 18924 19930 20958 22037 23035 24059 25105 26186 27202 28255 29320 30363 31394 32473 33564 34619 35646 36752 37841 38892 40008 41093 42228 43301 44460 45572 46675 47849 48928 50085 51189 52306 53494 54645 55735 56929 58073 59224 60390 61508 62670 63814 64961 66104 67239 68413 69614 70749 71874 73048 74209 75390 76509 77661 78865 80034 81139 82344 83488 84654 85847 87108 88285 89456 90651 91904 93054 94330 95547 96764 97996 99201 100409 101636 102885 104121 105314 106605 107845 
0 434 1053 1740 2495 3250 4070 4897 5762 6590 7474 8371 9313 10247 11163 12124 13098 14059 15020 15964 16917 17914 18924 19930 20958 22037 23035 24059 25105 26186 27202 28255 29320 30363 31394 32473 33564 34619 35646 36752 37841 38892 40008 41093 42228 43301 44460 45572 46675 47849 48928 50085 51189 52306 53494 54645 55735 56929 58073 59224 60390 61508 62670 63814 64961 66104 67239 68413 69614 70749 71874 73048 74209 75390 76509 77661 78865 80034 81139 82344 83488 84654 85847 87108 88285 89456 90651 91904 93054 94330 95547 96764 97996 99201 100409 101636 102885 104121 105314 106605 107845 
0 434 1053 1740 2495 3250 4070 4897 5762 6590 7474 8371 9313 10247 11163 12124 13098 14059 15020 15964 16917 17914 18924 19930 20958 22037 23035 24059 25105 26186 27202 28255 29320 30363 31394 32473 33564 34619 35646 36752 37841 38892 40008 41093 42228 43301 44460 45572 46675 47849 48928 50085 51189 52306 53494 54645 55735 56929 58073 59224 60390 61508 62670 63814 64961 66104 67239 68413 69614 70749 71874 73048 74209 75390 76509 77661 78865 80034 81139 82344 83488 84654 85847 87108 88285 89456 90651 91904 93054 94330 95547 96764 97996 99201 100409 101636 102885 104121 105314 106605 107845 
0 434 1053 1740 2495 3250 4070 4897 5762 6590 7474 8371 9313 10247 11163 12124 13098 14059 15020 15964 16917 17914 18924 19930 20958 22037 23035 24059 25105 26186 27202 28255 29320 30363 31394 32473 33564 34619 35646 36752 37841 38892 40008 41093 42228 43301 44460 45572 46675 47849 48928 50085 51189 52306 53494 54645 55735 56929 58073 59224 60390 61508 62670 63814 64961 66104 67239 68413 69614 70749 71874 73048 74209 75390 76509 77661 78865 80034 81139 82344 83488 84654 85847 87108 88285 89456 90651 91904 93054 94330 95547 96764 97996 99201 100409 101636 102885 104121 105314 106605 107845 
0 434 1053 1740 2495 3250 4070 4897 5762 6590 7474 8371 9313 10247 11163 12124 13098 14059 15020 15964 16917 17914 18924 19930 20958 22037 23035 24059 25105 26186 27202 28255 29320 30363 31394 32473 33564 34619 35646 36752 37841 38892 40008 41093 42228 43301 44460 45572 46675 47849 48928 50085 51189 52306 53494 54645 55735 56929 58073 59224 60390 61508 62670 63814 64961 66104 67239 68413 69614 70749 71874 73048 74209 75390 76509 77661 78865 80034 81139 82344 83488 84654 85847 87108 88285 89456 90651 91904 93054 94330 95547 96764 97996 99201 100409 101636 102885 104121 105314 106605 107845 
0 434 1053 1740 2495 3250 4070 4897 5762 6590 7474 8371 9313 10247 11163 12124 13098 14059 15020 15964 16917 17914 18924 19930 20958 22037 23035 24059 25105 26186 27202 28255 29320 30363 31394 32473 33564 34619 35646 36752 37841 38892 40008 41093 42228 43301 44460 45572 46675 47849 48928 50085 51189 52306 53494 54645 55735 56929 58073 59224 60390 61508 62670 63814 64961 66104 67239 68413 69614 70749 71874 73048 74209 75390 76509 77661 78865 80034 81139 82344 83488 84654 85847 87108 88285 89456 90651 91904 93054 94330 95547 96764 97996 99201 100409 101636 102885 104121 105314 106605 107845 
0 435 1060 1749 2491 3251 4075 4919 5762 6617 7495 8391 9320 10257 11185 12129 13085 14042 15023 15956 16947 17940 18938 19973 20996 22023 23034 24076 25126 26149 27224 28330 29363 30420 31500 32545 33577 34657 35740 36788 37893 38922 40036 41135 42242 43376 44497 45628 46747 47829 48978 50095 51219 52369 53466 54630 55711 56913 58059 59224 60393 61519 62689 63881 64990 66133 67299 68396 69568 70743 71871 73073 74271 75408 76591 77725 78891 80081 81283 82413 83590 84756 85848 87136 88355 89556 90767 91898 93154 94341 95594 96808 98016 99239 100436 101671 102924 104084 105318 106599 107793 
0 435 1060 1749 2491 3251 4075 4919 5762 6617 7495 8391 9320 10257 11185 12129 13085 14042 15023 15956 16947 17940 18938 19973 20996 22023 23034 24076 25126 26149 27224 28330 29363 30420 31500 32545 33577 34657 35740 36788 37893 38922 40036 41135 42242 43376 44497 45628 46747 47829 48978 50095 51219 52369 53466 54630 55711 56913 58059 59224 60393 61519 62689 63881 64990 66133 67299 68396 69568 70743 71871 73073 74271 75408 76591 77725 78891 80081 81283 82413 83590 84756 85848 87136 88355 89556 90767 91898 93154 94341 95594 96808 98016 99239 100436 101671 102924 104084 105318 106599 107793 
0 435 1060 1749 2491 3251 4075 4919 5762 6617 7495 8391 9320 10257 11185 12129 13085 14042 15023 15956 16947 17940 18938 19973 20996 22023 23034 24076 25126 26149 27224 28330 29363 30420 31500 32545 33577 34657 35740 36788 37893 38922 40036 41135 42242 43376 44497 45628 46747 47829 48978 50095 51219 52369 53466 54630 55711 56913 58059 59224 60393 61519 62689 63881 64990 66133 67299 68396 69568 70743 71871 73073 74271 75408 76591 77725 78891 80081 81283 82413 83590 84756 85848 87136 88355 89556 90767 91898 93154 94341 95594 96808 98016 99239 100436 101671 102924 104084 105318 106599 107793 
0 435 1060 1749 2491 3251 4075 4919 5762 6617 7495 8391 9320 10257 11185 12129 13085 14042 15023 15956 16947 17940 18938 19973 20996 22023 23034 24076 25126 26149 27224 28330 29363 30420 31500 32545 33577 34657 35740 36788 37893 38922 40036 41135 42242 43376 44497 45628 46747 47829 48978 50095 51219 52369 53466 54630 55711 56913 58059 59224 60393 61519 62689 63881 64990 66133 67299 68396 69568 70743 71871 73073 74271 75408 76591 77725 78891 80081 81283 82413 83590 84756 85848 87136 88355 89556 90767 91898 93154 94341 95594 96808 98016 99239 100436 101671 102924 104084 105318 106599 107793 
0 435 1060 1749 2491 3251 4075 4919 5762 6617 7495 8391 9320 10257 11185 12129 13085 14042 15023 15956 16947 17940 18938 19973 20996 22023 23034 24076 25126 26149 27224 28330 29363 30420 31500 32545 33577 34657 35740 36788 37893 38922 40036 41135 42242 43376 44497 45628 46747 47829 48978 50095 51219 52369 53466 54630 55711 56913 58059 59224 60393 61519 62689 63881 64990 66133 67299 68396 69568 70743 71871 73073 74271 75408 76591 77725 78891 80081 81283 82413 83590 84756 85848 87136 88355 89556 90767 91898 93154 94341 95594 96808 98016 99239 100436 101671 102924 104084 105318 106599 107793 
0 435 1060 1749 2491 3251 4075 4919 5762 6617 7495 8391 9320 10257 11185 12129 13085 14042 15023 15956 16947 17940 18938 19973 20996 22023 23034 24076 25126 26149 27224 28330 29363 30420 31500 32545 33577 34657 35740 36788 37893 38922 40036 41135 42242 43376 44497 45628 46747 47829 48978 50095 51219 52369 53466 54630 55711 56913 58059 59224 60393 61519 62689 63881 64990 66133 67299 68396 69568 70743 71871 73073 74271 75408 76591 77725 78891 80081 81283 82413 83590 84756 85848 87136 88355 89556 90767 91898 93154 94341 95594 96808 98016 99239 100436 101671 102924 104084 105318 106599 107793 
0 435 1060 1749 2491 3251 4075 4919 5762 6617 7495 8391 9320 10257 11185 12129 13085 14042 15023 15956 16947 17940 18938 19973 20996 22023 23034 24076 25126 26149 27224 28330 29363 30420 31500 32545 33577 34657 35740 36788 37893 38922 40036 41135 42242 43376 44497 45628 46747 47829 48978 50095 51219 52369 53466 54630 55711 56913 58059 59224 60393 61519 62689 63881 64990 66133 67299 68396 69568 70743 71871 73073 74201 75359 76543 77741 78820 80048 81277 82418 83554 84692 85838 87038 88240 89428 90699 91875 93068 94295 95509 96694 97922 99177 100390 101555 102815 103988 105235 106399 107623 
0 434 1049 1748 2504 3269 4069 4907 5777 6651 7506 8391 9334 10251 11202 12134 13121 14116 15056 16018 16965 17967 18968 19962 20996 22014 23049 24080 25113 26163 27230 28298 29359 30430 31488 32567 33624 34667 35708 36773 37859 38909 40000 41110 42229 43354 44480 45589 46686 47793 48901 50076 51224 52366 53500 54649 55770 56868 58053 59181 60377 61544 62709 63848 65014 66187 67305 68407 69598 70759 71900 73090 74201 75359 76543 77741 78820 80048 81277 82418 83554 84692 85838 87038 88240 89428 90699 91875 93068 94295 95509 96694 97922 99177 100390 101555 102815 103988 105235 106399 107623 
0 434 1049 1748 2504 3269 4069 4907 5777 6651 7506 8391 9334 10251 11202 12134 13121 14116 15056 16018 16965 17967 18968 19962 20996 22014 23049 24080 25113 26163 27230 28298 29359 30430 31488 32567 33624 34667 35708 36773 37859 38909 40000 41110 42229 43354 44480 45589 46686 47793 48901 50076 51224 52366 53500 54649 55770 56868 58053 59181 60377 61544 62709 63848 65014 66187 67305 68407 69598 70759 71900 73090 74201 75359 76543 77741 78820 80048 81277 82418 83554 84692 85838 87038 88240 89428 90699 91875 93068 94295 95509 96694 97922 99177 100390 101555 102815 103988 105235 106399 107623 
0 434 1049 1748 2504 3269 4069 4907 5777 6651 7506 8391 9334 10251 11202 12134 13121 14116 15056 16018 16965 17967 18968 19962 20996 22014 23049 24080 25113 26163 27230 28298 29359 30430 31488 32567 33624 34667 35708 36773 37859 38909 40000 41110 42229 43354 44480 45589 46686 47793 48901 50076 51224 52366 53500 54649 55770 56868 58053 59181 60377 61544 62709 63848 65014 66187 67305 68407 69598 70759 71900 73090 74201 75359 76543 77741 78820 80048 81277 82418 83554 84692 85838 87038 88240 89428 90699 91875 93068 94295 95509 96694 97922 99177 100390 101555 102815 103988 105235 106399 107623 
0 434 1049 1748 2504 3269 4069 4907 5777 6651 7506 8391 9334 10251 11202 12134 13121 14116 15056 16018 16965 17967 18968 19962 20996 22014 23049 24080 25113 26163 27230 28298 29359 30430 31488 32567 33624 34667 35708 36773 37859 38909 40000 41110 42229 43354 44480 45589 46686 47793 48901 50076 51224 52366 53500 54649 55770 56868 58053 59181 60377 61544 62709 63848 65014 66187 67305 68407 69598 70759 71900 73090 74201 75359 76543 77741 78820 80048 81277 82418 83554 84692 85838 87038 88240 89428 90699 91875 93068 94295 95509 96694 97922 99177 100390 101555 102815 103988 105235 106399 107623 
0 434 1049 1748 2504 3269 4069 4907 5777 6651 7506 8391 9334 10251 11202 12134 13121 14116 15056 16018 16965 17967 18968 19962 20996 22014 23049 24080 25113 26163 27230 28298 29359 30430 31488 32567 33624 34667 35708 36773 37859 38909 40000 41110 42229 43354 44480 45589 46686 47793 48901 50076 51224 52366 53500 54649 55770 56868 58053 59181 60377 61544 62709 63848 65014 66187 67305 68407 69598 70759 71900 73090 74201 75359 76543 77741 78820 80048 81277 82418 83554 84692 85838 87038 88240 89428 90699 91875 93068 94295 95509 96694 97922 99177 100390 101555 102815 103988 105235 106399 107623 
0 434 1049 1748 2504 3269 4069 4907 5777 6651 7506 8391 9334 10251 11202 12134 13121 14116 15056 16018 16965 17967 18968 19962 20996 22014 23049 24080 25113 26163 27230 28298 29359 30430 31488 32567 33624 34667 35708 36773 37859 38909 40000 41110 42229 43354 44480 45589 46686 47793 48901 50076 51224 52366 53500 54649 55770 56868 58053 59181 60377 61544 62709 63848 65014 66187 67305 68407 69598 70759 71900 73090 74201 75359 76543 77741 78820 80048 81277 82418 83554 84692 85838 87038 88240 89428 90699 91875 93068 94295 95509 96694 97922 99177 100390 101555 102815 103988 105235 106399 107623 
0 434 1049 1748 2504 3269 4069 4907 5777 6651 7506 8391 9334 10251 11202 12134 13121 14116 15056 16018 16965 17967 18968 19962 20996 22014 23049 24080 25113 26163 27230 28298 29359 30430 31488 32567 33624 34667 35708 36773 37859 38909 40000 41110 42229 43354 44480 45589 46686 47793 48948 50096 51228 52349 53476 54657 55811 56919 58080 59222 60419 61508 62739 63841 65066 66220 67395 68555 69661 70787 71993 73161 74308 75405 76579 77778 78938 80089 81289 82392 83556 84758 85903 87121 88338 89590 90791 92008 93282 94439 95665 96833 98061 99253 100494 101660 102960 104151 105325 106533 107779 
0 437 1064 1744 2489 3264 4077 4935 5778 6630 7476 8383 9301 10250 11201 12143 13110 14049 14993 15986 16973 17943 18938 19964 20990 22012 23076 24120 25156 26200 27228 28321 29380 30414 31473 32508 33616 34644 35747 36790 37820 38894 40051 41139 42213 43321 44414 45579 46731 47808 48948 50096 51228 52349 53476 54657 55811 56919 58080 59222 60419 61508 62739 63841 65066 66220 67395 68555 69661 70787 71993 73161 74308 75405 76579 77778 78938 80089 81289 82392 83556 84758 85903 87121 88338 89590 90791 92008 93282 94439 95665 96833 98061 99253 100494 101660 102960 104151 105325 106533 107779 
0 437 1064 1744 2489 3264 4077 4935 5778 6630 7476 8383 9301 10250 11201 12143 13110 14049 14993 15986 16973 17943 18938 19964 20990 22012 23076 24120 25156 26200 27228 28321 29380 30414 31473 32508 33616 34644 35747 36790 37820 38894 40051 41139 42213 43321 44414 45579 46731 47808 48948 50096 51228 52349 53476 54657 55811 56919 58080 59222 60419 61508 62739 63841 65066 66220 67395 68555 69661 70787 71993 73161 74308 75405 76579 77778 78938 80089 81289 82392 83556 84758 85903 87121 88338 89590 90791 92008 93282 94439 95665 96833 98061 99253 100494 101660 102960 104151 105325 106533 107779 
0 437 1064 1744 2489 3264 4077 4935 5778 6630 7476 8383 9301 10250 11201 12143 13110 14049 14993 15986 16973 17943 18938 19964 20990 22012 23076 24120 25156 26200 27228 28321 29380 30414 31473 32508 33616 34644 35747 36790 37820 38894 40051 41139 42213 43321 44414 45579 46731 47808 48948 50096 51228 52349 53476 54657 55811 56919 58080 59222 60419 61508 62739 63841 65066 66220 67395 68555 69661 70787 71993 73161 74308 75405 76579 77778 78938 80089 81289 82392 83556 84758 85903 87121 88338 89590 90791 92008 93282 94439 95665 96833 98061 99253 100494 101660 102960 104151 105325 106533 107779 
0 437 1064 1744 2489 3264 4077 4935 5778 6630 7476 8383 9301 10250 11201 12143 13110 14049 14993 15986 16973 17943 18938 19964 20990 22012 23076 24120 25156 26200 27228 28321 29380 30414 31473 32508 33616 34644 35747 36790 37820 38894 40051 41139 42213 43321 44414 45579 46731 47808 48948 50096 51228 52349 53476 54657 55811 56919 58080 59222 60419 61508 62739 63841 65066 66220 67395 68555 69661 70787 71993 73161 74308 75405 76579 77778 78938 80089 81289 82392 83556 84758 85903 87121 88338 89590 90791 92008 93282 94439 95665 96833 98061 99253 100494 101660 102960 104151 105325 106533 107779 
0 437 1064 1744 2489 3264 4077 4935 5778 6630 7476 8383 9301 10250 11201 12143 13110 14049 14993 15986 16973 17943 18938 19964 20990 22012 23076 24120 25156 26200 27228 28321 29380 30414 31473 32508 33616 34644 35747 36790 37820 38894 40051 41139 42213 43321 44414 45579 46731 47808 48948 50096 51228 52349 53476 54657 55811 56919 58080 59222 60419 61508 62739 63841 65066 66220 67395 68555 69661 70787 71993 73161 74308 75405 76579 77778 78938 80089 81289 82392 83556 84758 85903 87121 88338 89590 90791 92008 93282 94439 95665 96833 98061 99253 100494 101660 102960 104151 105325 106533 107779 
0 437 1064 1744 2489 3264 4077 4935 5778 6630 7476 8383 9301 10250 11201 12143 13110 14049 14993 15986 16973 17943 18938 19964 20990 22012 23076 24120 25156 26200 27228 28321 29380 30414 31473 32508 33616 34644 35747 36790 37820 38894 40051 41139 42213 43321 44414 45579 46731 47808 48948 50096 51228 52349 53476 54657 55811 56919 58080 59222 60419 61508 62739 63841 65066 66220 67395 68555 69661 70787 71993 73161 74308 75405 76579 77778 78938 80089 81289 82392 83556 84758 85903 87121 88338 89590 90791 92008 93282 94439 95665 96833 98061 99253 100494 101660 102962 104200 105473 106713 107911 
0 441 1049 1746 2489 3258 4075 4905 5767 6624 7493 8405 9329 10252 11202 12158 13098 14062 15019 15988 16961 17971 18961 20002 21023 22067 23090 24158 25130 26191 27249 28311 29329 30452 31487 32533 33579 34645 35686 36802 37848 38925 40033 41162 42224 43393 44515 45623 46777 47877 49033 50114 51309 52379 53561 54710 55806 56947 58083 59281 60362 61542 62708 63855 64986 66171 67310 68468 69637 70779 71909 73127 74315 75484 76599 77752 78948 80134 81274 82375 83640 84726 85920 87152 88356 89601 90757 91950 93216 94474 95622 96827 98055 99278 100555 101757 102962 104200 105473 106713 107911 
0 441 1049 1746 2489 3258 4075 4905 5767 6624 7493 8405 9329 10252 11202 12158 13098 14062 15019 15988 16961 17971 18961 20002 21023 22067 23090 24158 25130 26191 27249 28311 29329 30452 31487 32533 33579 34645 35686 36802 37848 38925 40033 41162 42224 43393 44515 45623 46777 47877 49033 50114 51309 52379 53561 54710 55806 56947 58083 59281 60362 61542 62708 63855 64986 66171 67310 68468 69637 70779 71909 73127 74315 75484 76599 77752 78948 80134 81274 82375 83640 84726 85920 87152 88356 89601 90757 91950 93216 94474 95622 96827 98055 99278 100555 101757 102962 104200 105473 106713 107911 
0 441 1049 1746 2489 3258 4075 4905 5767 6624 7493 8405 9329 10252 11202 12158 13098 14062 15019 15988 16961 17971 18961 20002 21023 22067 23090 24158 25130 26191 27249 28311 29329 30452 31487 32533 33579 34645 35686 36802 37848 38925 40033 41162 42224 43393 44515 45623 46777 47877 49033 50114 51309 52379 53561 54710 55806 56947 58083 59281 60362 61542 62708 63855 64986 66171 67310 68468 69637 70779 71909 73127 74315 75484 76599 77752 78948 80134 81274 82375 83640 84726 85920 87152 88356 89601 90757 91950 93216 94474 95622 96827 98055 99278 100555 101757 102962 104200 105473 106713 107911 
0 441 1049 1746 2489 3258 4075 4905 5767 6624 7493 8405 9329 10252 11202 12158 13098 14062 15019 15988 16961 17971 18961 20002 21023 22067 23090 24158 25130 26191 27249 28311 29329 30452 31487 32533 33579 34645 35686 36802 37848 38925 40033 41162 42224 43393 44515 45623 46777 47877 49033 50114 51309 52379 53561 54710 55806 56947 58083 59281 60362 61542 62708 63855 64986 66171 67310 68468 69637 70779 71909 73127 74315 75484 76599 77752 78948 80134 81274 82375 83640 84726 85920 87152 88356 89601 90757 91950 93216 94474 95622 96827 98055 99278 100555 101757 102962 104200 105473 106713 107911 
0 441 1049 1746 2489 3258 4075 4905 5767 6624 7493 8405 9329 10252 11202 12158 13098 14062 15019 15988 16961 17971 18961 20002 21023 22067 23090 24158 25130 26191 27249 28311 29329 30452 31487 32533 33579 34645 35686 36802 37848 38925 40033 41162 42224 43393 44515 45623 46777 47877 49033 50114 51309 52379 53561 54710 55806 56947 58083 59281 60362 61542 62708 63855 64986 66171 67310 68468 69637 70779 71909 73127 74315 75484 76599 77752 78948 80134 81274 82375 83640 84726 85920 87152 88356 89601 90757 91950 93216 94474 95622 96827 98055 99278 100555 101757 102962 104200 105473 106713 107911 
0 441 1049 1746 2489 3258 4075 4905 5767 6624 7493 8405 9329 10252 11202 12158 13098 14062 15019 15988 16961 17971 18961 20002 21023 22067 23090 24158 25130 26191 27249 28311 29329 30452 31487 32533 33579 34645 35686 36802 37848 38925 40033 41162 42224 43393 44515 45623 46777 47877 49033 50114 51309 52379 53561 54710 55806 56947 58083 59281 60362 61542 62708 63855 64986 66171 67310 68468 69637 70779 71909 73127 74315 75484 76599 77752 78948 80134 81274 82375 83640 84726 85920 87152 88356 89601 90757 91950 93216 94474 95622 96827 98055 99278 100555 101757 102962 104200 105473 106713 107911 
0 441 1049 1746 2489 3258 4075 4905 5767 6624 7493 8405 9329 10252 11202 12158 13098 14062 15019 15988 16961 17971 18961 20002 21023 22067 23090 24158 25130 26191 27249 28311 29329 30452 31487 32533 33579 34645 35686 36802 37848 38925 40033 41162 42224 43393 44515 45623 46777 47877 49033 50114 51309 52379 53561 54710 55806 56947 58083 59281 60362 61542 62708 63855 64986 66171 67310 68468 69637 70779 71909 73127 74315 75484 76599 77752 78948 80134 81274 82375 83640 84662 85847 87045 88223 89386 90698 91888 93089 94257 95571 96764 98001 99227 100391 101660 102865 104114 105333 106567 107842 
0 440 1052 1744 2495 3232 4079 4900 5767 6609 7462 8390 9304 10247 11162 12144 13096 14047 14995 15963 16936 17927 18913 19966 20993 22010 23024 24078 25115 26179 27218 28273 29300 30318 31424 32487 33528 34556 35632 36664 37762 38800 39909 41040 42157 43269 44391 45539 46661 47806 48902 50067 51210 52361 53459 54622 55811 56940 58050 59258 60401 61496 62642 63800 64949 66128 67238 68392 69522 70742 71866 73022 74276 75330 76588 77688 78811 79988 81158 82336 83510 84662 85847 87045 88223 89386 90698 91888 93089 94257 95571 96764 98001 99227 100391 101660 102865 104114 105333 106567 107842 
0 440 1052 1744 2495 3232 4079 4900 5767 6609 7462 8390 9304 10247 11162 12144 13096 14047 14995 15963 16936 17927 18913 19966 20993 22010 23024 24078 25115 26179 27218 28273 29300 30318 31424 32487 33528 34556 35632 36664 37762 38800 39909 41040 42157 43269 44391 45539 46661 47806 48902 50067 51210 52361 53459 54622 55811 56940 58050 59258 60401 61496 62642 63800 64949 66128 67238 68392 69522 70742 71866 73022 74276 75330 76588 77688 78811 79988 81158 82336 83510 84662 85847 87045 88223 89386 90698 91888 93089 94257 95571 96764 98001 99227 100391 101660 102865 104114 105333 106567 107842 
0 440 1052 1744 2495 3232 4079 4900 5767 6609 7462 8390 9304 10247 11162 12144 13096 14047 14995 15963 16936 17927 18913 19966 20993 22010 23024 24078 25115 26179 27218 28273 29300 30318 31424 32487 33528 34556 35632 36664 37762 38800 39909 41040 42157 43269 44391 45539 46661 47806 48902 50067 51210 52361 53459 54622 55811 56940 58050 59258 60401 61496 62642 63800 64949 66128 67238 68392 69522 70742 71866 73022 74276 75330 76588 77688 78811 79988 81158 82336 83510 84662 85847 87045 88223 89386 90698 91888 93089 94257 95571 96764 98001 99227 100391 101660 102865 104114 105333 106567 107842 
0 440 1052 1744 2495 3232 4079 4900 5767 6609 7462 8390 9304 10247 11162 12144 13096 14047 14995 15963 16936 17927 18913 19966 20993 22010 23024 24078 25115 26179 27218 28273 29300 30318 31424 32487 33528 34556 35632 36664 37762 38800 39909 41040 42157 43269 44391 45539 46661 47806 48902 50067 51210 52361 53459 54622 55811 56940 58050 59258 60401 61496 62642 63800 64949 66128 67238 68392 69522 70742 71866 73022 74276 75330 76588 77688 78811 79988 81158 82336 83510 84662 85847 87045 88223 89386 90698 91888 93089 94257 95571 96764 98001 99227 100391 101660 102865 104114 105333 106567 107842 
0 440 1052 1744 2495 3232 4079 4900 5767 6609 7462 8390 9304 10247 11162 12144 13096 14047 14995 15963 16936 17927 18913 19966 20993 22010 23024 24078 25115 26179 27218 28273 29300 30318 31424 32487 33528 34556 35632 36664 37762 38800 39909 41040 42157 43269 44391 45539 46661 47806 48902 50067 51210 52361 53459 54622 55811 56940 58050 59258 60401 61496 62642 63800 64949 66128 67238 68392 69522 70742 71866 73022 74276 75330 76588 77688 78811 79988 81158 82336 83510 84662 85847 87045 88223 89386 90698 91888 93089 94257 95571 96764 98001 99227 100391 101660 102865 104114 105333 106567 107842 
0 440 1052 1744 2495 3232 4079 4900 5767 6609 7462 8390 9304 10247 11162 12144 13096 14047 14995 15963 16936 17927 18913 19966 20993 22010 23024 24078 25115 26179 27218 28273 29300 30318 31424 32487 33528 34556 35632 36664 37762 38800 39909 41040 42157 43269 44391 45539 46661 47806 48902 50067 51210 52361 53459 54622 55811 56940 58050 59258 60401 61496 62642 63800 64949 66128 67238 68392 69522 70742 71866 73022 74276 75330 76588 77688 78811 79988 81158 82336 83510 84662 85847 87045 88223 89386 90698 91888 93089 94257 95571 96764 98001 99227 100391 101660 102865 104114 105333 106567 107842 
0 440 1052 1744 2495 3232 4079 4900 5767 6609 7462 8390 9304 10247 11162 12144 13096 14047 14995 15963 16936 17927 18913 19966 20993 22010 23024 24078 25115 26179 27218 28273 29300 30318 31424 32487 33528 34556 35632 36664 37762 38800 39909 41040 42157 43269 44391 45539 46661 47806 48902 50067 51210 52361 53459 54622 55811 56940 58050 59258 60401 61496 62698 63870 65012 66152 67272 68481 69654 70790 71962 73173 74260 75467 76623 77775 78874 80178 81302 82444 83605 84812 85962 87142 88339 89563 90780 91983 93183 94358 95636 96819 98048 99240 100419 101746 102920 104157 105346 106561 107776 
0 431 1057 1745 2504 3269 4074 4901 5770 6632 7501 8394 9333 10248 11192 12142 13118 14081 15027 15986 16982 17972 18944 19941 20989 22018 23073 24120 25156 26201 27242 28290 29376 30442 31514 32528 33621 34699 35760 36816 37880 38922 40067 41175 42226 43356 44473 45613 46723 47859 48947 50107 51234 52352 53503 54652 55782 56921 58072 59234 60393 61538 62698 63870 65012 66152 67272 68481 69654 70790 71962 73173 74260 75467 76623 77775 78874 80178 81302 82444 83605 84812 85962 87142 88339 89563 90780 91983 93183 94358 95636 96819 98048 99240 100419 101746 102920 104157 105346 106561 107776 
0 431 1057 1745 2504 3269 4074 4901 5770 6632 7501 8394 9333 10248 11192 12142 13118 14081 15027 15986 16982 17972 18944 19941 20989 22018 23073 24120 25156 26201 27242 28290 29376 30442 31514 32528 33621 34699 35760 36816 37880 38922 40067 41175 42226 43356 44473 45613 46723 47859 48947 50107 51234 52352 53503 54652 55782 56921 58072 59234 60393 61538 62698 63870 65012 66152 67272 68481 69654 70790 71962 73173 74260 75467 76623 77775 78874 80178 81302 82444 83605 84812 85962 87142 88339 89563 90780 91983 93183 94358 95636 96819 98048 99240 100419 101746 102920 104157 105346 106561 107776 
0 431 1057 1745 2504 3269 4074 4901 5770 6632 7501 8394 9333 10248 11192 12142 13118 14081 15027 15986 16982 17972 18944 19941 20989 22018 23073 24120 25156 26201 27242 28290 29376 30442 31514 32528 33621 34699 35760 36816 37880 38922 40067 41175 42226 43356 44473 45613 46723 47859 48947 50107 51234 52352 53503 54652 55782 56921 58072 59234 60393 61538 62698 63870 65012 66152 67272 68481 69654 70790 71962 73173 74260 75467 76623 77775 78874 80178 81302 82444 83605 84812 85962 87142 88339 89563 90780 91983 93183 94358 95636 96819 98048 99240 100419 101746 102920 104157 105346 106561 107776 
0 431 1057 1745 2504 3269 4074 4901 5770 6632 7501 8394 9333 10248 11192 12142 13118 14081 15027 15986 16982 17972 18944 19941 20989 22018 23073 24120 25156 26201 27242 28290 29376 30442 31514 32528 33621 34699 35760 36816 37880 38922 40067 41175 42226 43356 44473 45613 46723 47859 48947 50107 51234 52352 53503 54652 55782 56921 58072 59234 60393 61538 62698 63870 65012 66152 67272 68481 69654 70790 71962 73173 74260 75467 76623 77775 78874 80178 81302 82444 83605 84812 85962 87142 88339 89563 90780 91983 93183 94358 95636 96819 98048 99240 100419 101746 102920 104157 105346 106561 107776 
0 431 1057 1745 2504 3269 4074 4901 5770 6632 7501 8394 9333 10248 11192 12142 13118 14081 15027 15986 16982 17972 18944 19941 20989 22018 23073 24120 25156 26201 27242 28290 29376 30442 31514 32528 33621 34699 35760 36816 37880 38922 40067 41175 42226 43356 44473 45613 46723 47859 48947 50107 51234 52352 53503 54652 55782 56921 58072 59234 60393 61538 62698 63870 65012 66152 67272 68481 69654 70790 71962 73173 74260 75467 76623 77775 78874 80178 81302 82444 83605 84812 85962 87142 88339 89563 90780 91983 93183 94358 95636 96819 98048 99240 100419 101746 102920 104157 105346 106561 107776 
0 431 1057 1745 2504 3269 4074 4901 5770 6632 7501 8394 9333 10248 11192 12142 13118 14081 15027 15986 16982 17972 18944 19941 20989 22018 23073 24120 25156 26201 27242 28290 29376 30442 31514 32528 33621 34699 35760 36816 37880 38922 40067 41175 42226 43356 44473 45613 46723 47859 48947 50107 51234 52352 53503 54652 55782 56921 58072 59234 60393 61538 62698 63870 65012 66152 67272 68481 69654 70790 71962 73173 74260 75467 76623 77775 78874 80178 81302 82444 83605 84812 85962 87142 88339 89563 90780 91983 93183 94358 95636 96819 98048 99240 100419 101746 102920 104157 105346 106561 107776 
0 431 1057 1745 2504 3269 4074 4901 5770 6632 7501 8394 9333 10248 11192 12142 13118 14081 15027 15986 16982 17972 18944 19941 20989 22018 23073 24120 25156 26201 27242 28290 29376 30380 31453 32521 33584 34589 35680 36761 37829 38917 40003 41106 42273 43370 44522 45622 46737 47898 48967 50053 51242 52386 53521 54660 55806 56916 58048 59202 60391 61504 62699 63882 65026 66160 67339 68461 69590 70789 71935 73119 74299 75434 76608 77769 78897 80021 81186 82372 83611 84718 85947 87177 88303 89652 90752 91980 93152 94379 95607 96895 98119 99324 100533 101812 102970 104217 105429 106668 107931 
0 436 1057 1748 2499 3257 4085 4903 5765 6616 7497 8413 9311 10271 11182 12110 13090 14052 15017 15987 16933 17954 18946 19975 21009 22043 23058 24106 25130 26153 27174 28260 29321 30380 31453 32521 33584 34589 35680 36761 37829 38917 40003 41106 42273 43370 44522 45622 46737 47898 48967 50053 51242 52386 53521 54660 55806 56916 58048 59202 60391 61504 62699 63882 65026 66160 67339 68461 69590 70789 71935 73119 74299 75434 76608 77769 78897 80021 81186 82372 83611 84718 85947 87177 88303 89652 90752 91980 93152 94379 95607 96895 98119 99324 100533 101812 102970 104217 105429 106668 107931 
0 436 1057 1748 2499 3257 4085 4903 5765 6616 7497 8413 9311 10271 11182 12110 13090 14052 15017 15987 16933 17954 18946 19975 21009 22043 23058 24106 25130 26153 27174 28260 29321 30380 31453 32521 33584 34589 35680 36761 37829 38917 40003 41106 42273 43370 44522 45622 46737 47898 48967 50053 51242 52386 53521 54660 55806 56916 58048 59202 60391 61504 62699 63882 65026 66160 67339 68461 69590 70789 71935 73119 74299 75434 76608 77769 78897 80021 81186 82372 83611 84718 85947 87177 88303 89652 90752 91980 93152 94379 95607 96895 98119 99324 100533 101812 102970 104217 105429 106668 107931 
0 436 1057 1748 2499 3257 4085 4903 5765 6616 7497 8413 9311 10271 11182 12110 13090 14052 15017 15987 16933 17954 18946 19975 21009 22043 23058 24106 25130 26153 27174 28260 29321 30380 31453 32521 33584 34589 35680 36761 37829 38917 40003 41106 42273 43370 44522 45622 46737 47898 48967 50053 51242 52386 53521 54660 55806 56916 58048 59202 60391 61504 62699 63882 65026 66160 67339 68461 69590 70789 71935 73119 74299 75434 76608 77769 78897 80021 81186 82372 83611 84718 85947 87177 88303 89652 90752 91980 93152 94379 95607 96895 98119 99324 100533 101812 102970 104217 105429 106668 107931 
0 436 1057 1748 2499 3257 4085 4903 5765 6616 7497 8413 9311 10271 11182 12110 13090 14052 15017 15987 16933 17954 18946 19975 21009 22043 23058 24106 25130 26153 27174 28260 29321 30380 31453 32521 33584 34589 35680 36761 37829 38917 40003 41106 42273 43370 44522 45622 46737 47898 48967 50053 51242 52386 53521 54660 55806 56916 58048 59202 60391 61504 62699 63882 65026 66160 67339 68461 69590 70789 71935 73119 74299 75434 76608 77769 78897 80021 81186 82372 83611 84718 85947 87177 88303 89652 90752 91980 93152 94379 95607 96895 98119 99324 100533 101812 102970 104217 105429 106668 107931 
0 436 1057 1748 2499 3257 4085 4903 5765 6616 7497 8413 9311 10271 11182 12110 13090 14052 15017 15987 16933 17954 18946 19975 21009 22043 23058 24106 25130 26153 27174 28260 29321 30380 31453 32521 33584 34589 35680 36761 37829 38917 40003 41106 42273 43370 44522 45622 46737 47898 48967 50053 51242 52386 53521 54660 55806 56916 58048 59202 60391 61504 62699 63882 65026 66160 67339 68461 69590 70789 71935 73119 74299 75434 76608 77769 78897 80021 81186 82372 83611 84718 85947 87177 88303 89652 90752 91980 93152 94379 95607 96895 98119 99324 100533 101812 102970 104217 105429 106668 107931 
0 436 1057 1748 2499 3257 4085 4903 5765 6616 7497 8413 9311 10271 11182 12110 13090 14052 15017 15987 16933 17954 18946 19975 21009 22043 23058 24106 25130 26153 27174 28260 29321 30380 31453 32521 33584 34589 35680 36761 37829 38917 40003 41106 42273 43370 44522 45622 46737 47898 48967 50053 51242 52386 53521 54660 55806 56916 58048 59202 60391 61504 62699 63882 65026 66160 67339 68461 69590 70789 71935 73119 74299 75434 76608 77769 78897 80021 81186 82372 83611 84718 85947 87177 88303 89652 90796 91974 93204 94388 95617 96902 98134 99304 100560 101826 102980 104232 105472 106769 107908 
0 434 1060 1757 2488 3259 4081 4902 5752 6619 7478 8392 9335 10248 11194 12118 13098 14083 15031 16007 16945 17933 18961 19981 21029 21992 23039 24076 25133 26194 27240 28273 29359 30406 31491 32565 33585 34618 35704 36772 37865 38906 40001 41141 42281 43367 44534 45662 46762 47876 49037 50106 51251 52411 53530 54642 55783 56935 58123 59228 60346 61526 62697 63837 65035 66148 67278 68432 69654 70773 71993 73182 74286 75441 76610 77776 78963 80142 81278 82421 83594 84774 85921 87198 88366 89598 90796 91974 93204 94388 95617 96902 98134 99304 100560 101826 102980 104232 105472 106769 107908 
0 434 1060 1757 2488 3259 4081 4902 5752 6619 7478 8392 9335 10248 11194 12118 13098 14083 15031 16007 16945 17933 18961 19981 21029 21992 23039 24076 25133 26194 27240 28273 29359 30406 31491 32565 33585 34618 35704 36772 37865 38906 40001 41141 42281 43367 44534 45662 46762 47876 49037 50106 51251 52411 53530 54642 55783 56935 58123 59228 60346 61526 62697 63837 65035 66148 67278 68432 69654 70773 71993 73182 74286 75441 76610 77776 78963 80142 81278 82421 83594 84774 85921 87198 88366 89598 90796 91974 93204 94388 95617 96902 98134 99304 100560 101826 102980 104232 105472 106769 107908 
0 434 1060 1757 2488 3259 4081 4902 5752 6619 7478 8392 9335 10248 11194 12118 13098 14083 15031 16007 16945 17933 18961 19981 21029 21992 23039 24076 25133 26194 27240 28273 29359 30406 31491 32565 33585 34618 35704 36772 37865 38906 40001 41141 42281 43367 44534 45662 46762 47876 49037 50106 51251 52411 53530 54642 55783 56935 58123 59228 60346 61526 62697 63837 65035 66148 67278 68432 69654 70773 71993 73182 74286 75441 76610 77776 78963 80142 81278 82421 83594 84774 85921 87198 88366 89598 90796 91974 93204 94388 95617 96902 98134 99304 100560 101826 102980 104232 105472 106769 107908 
0 434 1060 1757 2488 3259 4081 4902 5752 6619 7478 8392 9335 10248 11194 12118 13098 14083 15031 16007 16945 17933 18961 19981 21029 21992 23039 24076 25133 26194 27240 28273 29359 30406 31491 32565 33585 34618 35704 36772 37865 38906 40001 41141 42281 43367 44534 45662 46762 47876 49037 50106 51251 52411 53530 54642 55783 56935 58123 59228 60346 61526 62697 63837 65035 66148 67278 68432 69654 70773 71993 73182 74286 75441 76610 77776 78963 80142 81278 82421 83594 84774 85921 87198 88366 89598 90796 91974 93204 94388 95617 96902 98134 99304 100560 101826 102980 104232 105472 106769 107908 
0 434 1060 1757 2488 3259 4081 4902 5752 6619 7478 8392 9335 10248 11194 12118 13098 14083 15031 16007 16945 17933 18961 19981 21029 21992 23039 24076 25133 26194 27240 28273 29359 30406 31491 32565 33585 34618 35704 36772 37865 38906 40001 41141 42281 43367 44534 45662 46762 47876 49037 50106 51251 52411 53530 54642 55783 56935 58123 59228 60346 61526 62697 63837 65035 66148 67278 68432 69654 70773 71993 73182 74286 75441 76610 77776 78963 80142 81278 82421 83594 84774 85921 87198 88366 89598 90796 91974 93204 94388 95617 96902 98134 99304 100560 101826 102980 104232 105472 106769 107908 
0 434 1060 1757 2488 3259 4081 4902 5752 6619 7478 8392 9335 10248 11194 12118 13098 14083 15031 16007 16945 17933 18961 19981 21029 21992 23039 24076 25133 26194 27240 28273 29359 30406 31491 32565 33585 34618 35704 36772 37865 38906 40001 41141 42281 43367 44534 45662 46762 47876 49037 50106 51251 52411 53530 54642 55783 56935 58123 59228 60346 61526 62697 63837 65035 66148 67278 68432 69654 70773 71993 73182 74286 75441 76610 77776 78963 80142 81278 82421 83594 84774 85921 87198 88366 89598 90796 91974 93204 94388 95617 96902 98134 99304 100560 101826 102980 104232 105472 106769 107908 
0 434 1060 1757 2488 3259 4081 4902 5752 6619 7478 8392 9335 10248 11194 12118 13098 14083 15031 16007 16945 17933 18961 19981 21029 21992 23039 24076 25133 26194 27240 28273 29359 30406 31491 32565 33585 34618 35704 36772 37865 38906 40001 41141 42281 43367 44534 45662 46762 47876 49037 50106 51251 52411 53530 54642 55783 56935 58123 59228 60346 61526 62697 63837 65035 66148 67278 68380 69565 70681 71890 72995 74130 75287 76482 77650 78807 79955 81136 82344 83491 84659 85839 86986 88227 89448 90604 91889 93101 94343 95524 96833 98008 99272 100475 101652 102873 104152 105366 106560 107776 
0 430 1055 1748 2501 3263 4099 4933 5781 6630 7495 8398 9321 10277 11220 12159 13088 14046 15002 15975 16956 17953 18960 19988 21001 22015 23060 24108 25117 26193 27220 28227 29305 30332 31364 32441 33497 34557 35612 36716 37792 38882 40005 41097 42211 43352 44459 45610 46731 47813 48931 50132 51226 52369 53538 54654 55809 56938 58073 59198 60332 61480 62624 63735 64828 66024 67203 68380 69565 70681 71890 72995 74130 75287 76482 77650 78807 79955 81136 82344 83491 84659 85839 86986 88227 89448 90604 91889 93101 94343 95524 96833 98008 99272 100475 101652 102873 104152 105366 106560 107776 
0 430 1055 1748 2501 3263 4099 4933 5781 6630 7495 8398 9321 10277 11220 12159 13088 14046 15002 15975 16956 17953 18960 19988 21001 22015 23060 24108 25117 26193 27220 28227 29305 30332 31364 32441 33497 34557 35612 36716 37792 38882 40005 41097 42211 43352 44459 45610 46731 47813 48931 50132 51226 52369 53538 54654 55809 56938 58073 59198 60332 61480 62624 63735 64828 66024 67203 68380 69565 70681 71890 72995 74130 75287 76482 77650 78807 79955 81136 82344 83491 84659 85839 86986 88227 89448 90604 91889 93101 94343 95524 96833 98008 99272 100475 101652 102873 104152 105366 106560 107776 
0 430 1055 1748 2501 3263 4099 4933 5781 6630 7495 8398 9321 10277 11220 12159 13088 14046 15002 15975 16956 17953 18960 19988 21001 22015 23060 24108 25117 26193 27220 28227 29305 30332 31364 32441 33497 34557 35612 36716 37792 38882 40005 41097 42211 43352 44459 45610 46731 47813 48931 50132 51226 52369 53538 54654 55809 56938 58073 59198 60332 61480 62624 63735 64828 66024 67203 68380 69565 70681 71890 72995 74130 75287 76482 77650 78807 79955 81136 82344 83491 84659 85839 86986 88227 89448 90604 91889 93101 94343 95524 96833 98008 99272 100475 101652 102873 104152 105366 106560 107776 
0 430 1055 1748 2501 3263 4099 4933 5781 6630 7495 8398 9321 10277 11220 12159 13088 14046 15002 15975 16956 17953 18960 19988 21001 22015 23060 24108 25117 26193 27220 28227 29305 30332 31364 32441 33497 34557 35612 36716 37792 38882 40005 41097 42211 43352 44459 45610 46731 47813 48931 50132 51226 52369 53538 54654 55809 56938 58073 59198 60332 61480 62624 63735 64828 66024 67203 68380 69565 70681 71890 72995 74130 75287 76482 77650 78807 79955 81136 82344 83491 84659 85839 86986 88227 89448 90604 91889 93101 94343 95524 96833 98008 99272 100475 101652 102873 104152 105366 106560 107776 
0 430 1055 1748 2501 3263 4099 4933 5781 6630 7495 8398 9321 10277 11220 12159 13088 14046 15002 15975 16956 17953 18960 19988 21001 22015 23060 24108 25117 26193 27220 28227 29305 30332 31364 32441 33497 34557 35612 36716 37792 38882 40005 41097 42211 43352 44459 45610 46731 47813 48931 50132 51226 52369 53538 54654 55809 56938 58073 59198 60332 61480 62624 63735 64828 66024 67203 68380 69565 70681 71890 72995 74130 75287 76482 77650 78807 79955 81136 82344 83491 84659 85839 86986 88227 89448 90604 91889 93101 94343 95524 96833 98008 99272 100475 101652 102873 104152 105366 106560 107776 
0 430 1055 1748 2501 3263 4099 4933 5781 6630 7495 8398 9321 10277 11220 12159 13088 14046 15002 15975 16956 17953 18960 19988 21001 22015 23060 24108 25117 26193 27220 28227 29305 30332 31364 32441 33497 34557 35612 36716 37792 38882 40005 41097 42211 43352 44459 45610 46731 47813 48931 50132 51226 52369 53538 54654 55809 56938 58073 59198 60332 61480 62624 63735 64828 66024 67203 68380 69565 70681 71890 72995 74130 75287 76482 77650 78807 79955 81136 82344 83491 84659 85839 86986 88227 89448 90604 91889 93101 94343 95524 96833 98008 99272 100475 101652 102873 104152 105366 106560 107776 
0 438 1052 1748 2492 3247 4076 4915 5772 6611 7473 8388 9323 10245 11203 12150 13122 14078 14998 15983 16945 17921 18946 19932 20970 21969 23039 24087 25141 26190 27239 28318 29371 30421 31443 32514 33564 34633 35702 36732 37826 38901 40011 41112 42217 43352 44434 45593 46678 47805 48937 50085 51249 52403 53462 54654 55761 56928 58080 59245 60395 61595 62734 63879 65009 66170 67355 68498 69625 70733 71937 73108 74292 75429 76608 77787 78902 80122 81199 82428 83608 84738 85938 87088 88261 89557 90708 91900 93158 94365 95550 96764 97963 99241 100451 101701 102880 104129 105393 106575 107802 
0 438 1052 1748 2492 3247 4076 4915 5772 6611 7473 8388 9323 10245 11203 12150 13122 14078 14998 15983 16945 17921 18946 19932 20970 21969 23039 24087 25141 26190 27239 28318 29371 30421 31443 32514 33564 34633 35702 36732 37826 38901 40011 41112 42217 43352 44434 45593 46678 47805 48937 50085 51249 52403 53462 54654 55761 56928 58080 59245 60395 61595 62734 63879 65009 66170 67355 68498 69625 70733 71937 73108 74292 75429 76608 77787 78902 80122 81199 82428 83608 84738 85938 87088 88261 89557 90708 91900 93158 94365 95550 96764 97963 99241 100451 101701 102880 104129 105393 106575 107802 
0 438 1052 1748 2492 3247 4076 4915 5772 6611 7473 8388 9323 10245 11203 12150 13122 14078 14998 15983 16945 17921 18946 19932 20970 21969 23039 24087 25141 26190 27239 28318 29371 30421 31443 32514 33564 34633 35702 36732 37826 38901 40011 41112 42217 43352 44434 45593 46678 47805 48937 50085 51249 52403 53462 54654 55761 56928 58080 59245 60395 61595 62734 63879 65009 66170 67355 68498 69625 70733 71937 73108 74292 75429 76608 77787 78902 80122 81199 82428 83608 84738 85938 87088 88261 89557 90708 91900 93158 94365 95550 96764 97963 99241 100451 101701 102880 104129 105393 106575 107802 
0 438 1052 1748 2492 3247 4076 4915 5772 6611 7473 8388 9323 10245 11203 12150 13122 14078 14998 15983 16945 17921 18946 19932 20970 21969 23039 24087 25141 26190 27239 28318 29371 30421 31443 32514 33564 34633 35702 36732 37826 38901 40011 41112 42217 43352 44434 45593 46678 47805 48937 50085 51249 52403 53462 54654 55761 56928 58080 59245 60395 61595 62734 63879 65009 66170 67355 68498 69625 70733 71937 73108 74292 75429 76608 77787 78902 80122 81199 82428 83608 84738 85938 87088 88261 89557 90708 91900 93158 94365 95550 96764 97963 99241 100451 101701 102880 104129 105393 106575 107802 
