0 42 77 91 174 283 189 141 363 475 420 508 343 754 661 620 765 534 710 852 509 526 1070 994 552 1073 687 1133 638 664 1566 1790 1722 1669 1955 1141 2199 2144 1993 1588 2204 1122 1553 2331 2161 1282 2240 2095 1734 343 2854 2033 3454 3290 471 3139 3616 1814 3462 3785 3549 2845 3450 3851 2338 3759 3956 3156 3007 4317 2480 3494 5179 2643 3749 3562 4253 1731 4145 3258 4344 2542 4275 1535 3559 3531 4246 4350 1933 4341 5809 5551 4143 2429 3017 5202 2112 2939 4918 6025 6084 
0 41 91 125 179 161 302 305 382 388 537 406 671 692 807 762 735 809 1012 746 789 984 1162 993 1073 1148 1293 1427 1879 1439 1592 722 1617 1531 1254 2287 2318 1841 1724 2499 1993 2433 2483 1959 2600 2302 2268 2479 2181 2709 3088 2968 2653 1614 2136 3595 2747 3708 3500 3923 3741 2521 3295 3725 3388 3205 2461 4087 3117 2713 3552 3941 2840 1130 2541 4654 3028 2540 4981 3418 4625 4029 4373 5243 4798 4789 4147 3773 3714 5471 4686 4985 5283 5950 5916 4371 5679 6675 4987 4825 4919 
0 48 123 187 166 179 207 356 267 587 362 598 420 284 896 962 1028 699 1229 1044 635 1270 995 1080 1252 1716 1614 1669 1459 1141 1771 1818 1649 2049 428 1908 2293 2115 2477 1736 1167 2742 619 2325 2548 2209 2760 1851 3106 3269 2049 2046 3172 2945 2857 3207 3132 3986 2569 3236 3315 2230 3454 3717 3940 3475 2483 4302 1229 1569 1670 2050 2011 2801 1075 2150 915 3203 423 1837 2223 1468 2021 1831 3678 3442 723 3501 2985 3194 2616 4402 2295 1941 1990 2895 1998 3224 3483 4303 3672 
0 37 38 88 32 140 237 214 72 264 288 327 400 203 633 118 575 339 609 916 644 493 820 498 425 243 419 288 1254 1151 1318 980 1574 1130 605 672 1729 1536 1611 1393 893 932 1581 1077 2108 2498 1091 1042 718 1138 2380 1094 2393 1504 2669 2957 1475 2652 2538 3315 1971 1289 3156 1530 2225 2650 1708 1395 3223 2221 2696 1914 2679 3921 1902 2233 4273 1780 3890 3835 3789 5482 3072 4676 4594 5163 4409 1988 6273 5263 5028 5120 5269 5440 4778 4978 3890 3321 3617 4379 5668 
0 44 78 180 153 265 327 338 276 487 161 482 582 830 610 889 806 976 813 913 954 970 1269 1208 1102 1103 1526 1110 1754 1331 1297 1779 1811 2380 2009 1515 1936 2284 2514 2032 2216 2151 1542 2803 2441 2301 2677 3000 3191 1512 2267 2067 1114 2841 3080 3077 2695 3330 2898 1871 3937 3409 3642 3925 4643 4389 2633 3697 2684 2638 3033 5357 3745 2494 4734 3861 2814 4078 4345 4671 2697 4676 5291 5916 5298 5075 5001 5396 4545 4370 6526 2600 6307 3850 6475 4724 5486 6468 4650 4709 4610 
0 36 108 162 272 316 377 383 452 497 531 502 518 728 833 566 714 1114 783 1169 881 1195 1383 934 992 684 1776 1726 1745 1967 1951 1428 1971 1428 1287 2171 2685 2054 2026 1924 2604 1730 2449 2301 2115 2808 2478 2861 2220 2663 2309 2987 2590 2705 2099 3009 1681 3516 3556 3515 2799 3448 3329 3304 4686 3614 2364 4387 2024 4549 972 884 2627 796 1701 2819 2399 3445 1557 964 2210 3327 1300 2660 3652 3610 1405 1198 4684 2860 5463 1708 5130 4970 3766 6105 3188 6223 4909 6152 4039 
0 49 100 156 207 253 390 511 332 446 637 784 624 775 786 870 684 1103 867 1225 1265 1206 1328 1065 1065 1622 1708 582 1623 2117 1796 1782 1552 2129 1655 1977 2021 1439 2441 1870 1909 1255 2613 2352 2556 3318 2421 2871 2714 3195 2828 1968 2208 3792 3632 3492 2860 3232 3181 2955 2804 3413 3830 2225 4248 4288 2183 1806 3443 4074 2469 3782 4271 3846 3921 3492 4737 4052 5434 4919 4365 4093 4568 4715 3905 4069 4560 5075 3441 4711 5111 6486 3973 2799 4918 3324 5485 6364 4325 2866 6253 
0 15 27 162 200 302 339 436 430 499 495 581 518 591 814 437 726 889 1030 645 995 1149 1228 1127 1309 1534 1165 1764 1676 1213 1246 1903 2057 2041 1865 2201 2113 1745 723 2210 1651 2400 2324 2185 2674 2653 2913 2707 2993 2072 3044 2969 2215 2587 2760 2846 3636 3148 2817 3437 3556 3183 1533 3221 3357 3377 3376 4078 4397 4304 4120 4561 4370 4700 4011 4962 4218 2022 3908 4007 4236 3738 3793 5716 4417 4551 3039 5275 5747 4918 5131 2927 4838 5615 3687 5281 5591 4481 4380 5127 4934 
0 39 80 127 187 269 219 524 353 426 268 653 404 847 473 772 890 912 1012 963 1136 1010 1329 1451 1067 1109 1630 1241 514 1610 1525 1800 926 1789 1556 1794 2723 2010 2125 1965 2081 2576 2257 1713 2645 2473 2394 933 1718 3203 2677 2747 3122 3773 2860 938 2138 2996 3647 3108 2088 3581 2992 2708 2800 3246 1652 2771 4754 4187 3024 4385 4062 3810 4776 3005 4075 4117 4699 4033 4730 3787 4058 5431 3875 4900 4673 5589 4871 6157 4472 5734 4823 4577 4896 3882 4959 5613 6017 6727 3151 
0 49 114 117 256 275 337 452 345 522 403 426 612 771 871 838 660 768 948 1112 1218 801 1271 1105 1082 1613 1701 1267 1086 1415 1806 1381 1520 1686 2031 2163 1740 2120 2464 2110 1170 1439 1824 2235 2519 2816 2944 2036 2893 2720 3163 2367 3165 2542 3100 1983 3036 2991 3497 1871 4128 3829 4020 3514 3424 3944 3225 4382 4020 3918 3542 4757 4489 3807 4370 2439 2817 2762 3056 2756 3681 4326 3126 1963 3195 2901 4805 3563 4299 5174 5685 3846 3376 3598 2856 3197 4807 2472 3927 2517 3533 
